==========================Part1.1=============================
Importing data...
Training...
Testing
Accuracy: 82.2%
Confusion Matrix:
    80     0     3     1     0     0     2     0     3     1
     0   106     0     0     1     0     1     0     0     0
     0     4    79     5     2     1     3     3     6     0
     0     0     1    86     0     6     1     4     2     0
     0     0     3     2    90     0     3     1     3     5
     1     0     1     4     0    74     1     3     6     2
     1     1     2     0     2     3    80     1     1     0
     1     2     4     3     3     0     0    81     4     8
     0     2     6     8     4     9     3     1    70     0
     0     1     0     6     9     1     0     6     1    76

==========================Part1.2=============================
Importing data...
Testing
Accuracy: 89.1%
Confusion Matrix:
    85     0     0     0     0     0     4     1     0     0
     0   106     0     0     0     0     1     1     0     0
     1     1    89     2     1     0     1     5     3     0
     0     0     0    82     0     8     1     3     4     2
     0     1     0     0    89     0     2     1     0    14
     0     0     0     0     0    78     5     1     4     4
     0     1     0     0     0     1    89     0     0     0
     0     6     1     0     0     0     0    89     0    10
     0     1     0     1     0     3     0     2    92     4
     0     0     0     1     2     2     0     1     2    92

==========================Part1EC1=============================
Importing data...
Training...
Testing
Accuracy: 81.8%
Confusion Matrix:
    81     0     2     0     0     0     1     2     3     1
     0   105     0     1     1     0     1     0     0     0
     0     2    82     4     1     0     5     3     5     1
     0     0     1    84     0     3     1     6     4     1
     0     0     3     2    92     0     4     3     1     2
     1     0     3     6     0    65     5     3     8     1
     1     1     2     0     2     3    80     1     1     0
     1     2     3     4     3     0     0    82     0    11
     0     2     7     8     3     5     2     2    68     6
     0     0     2     4     6     2     0     6     1    79

==========================Part1EC3=============================
Importing data...
Training...
Testing
Accuracy: 81.6%
Confusion Matrix:
    78     0     2     0     2     8     0     0     0     0
     0   101     2     0     0     2     1     0     2     0
     0     0    85     2     2     0     7     0     5     2
     0     0     0    82     0    11     0     4     3     0
     0     0     0     0    90     0     3     1     5     8
     1     0     0     7     1    78     0     1     4     0
     2     2     0     0     6     8    68     0     5     0
     0     2    11     2     2     0     0    78     0    11
     1     0     3    12     0     8     0     1    77     1
     0     0     1     7     3     4     0     5     1    79

==========================Part1EC4=============================
Importing data...
Training...
Testing

Accuracy: 87.8%
Confusion Matrix:
    86     0     0     0     2     0     1     0     1     0
     0   107     0     0     0     0     1     0     0     0
     0     1    90     1     2     0     5     0     2     2
     0     0     1    86     0     5     1     4     1     2
     0     1     0     0    95     0     2     1     0     8
     2     0     0     3     0    82     2     1     2     0
     2     1     0     0     3     3    81     0     1     0
     1     5     5     0     2     0     0    83     0    10
     1     1     3     3     3     7     0     2    80     3
     1     0     0     4     3     2     0     2     0    88